 11442.543   1741.833  -6000.000      0.000  -5442.542  -1741.833      0.000      0.000      0.000      0.000      0.000      0.000
 1741.833    557.457      0.000      0.000  -1741.833   -557.457      0.000      0.000      0.000      0.000      0.000      0.000
-6000.000      0.000  22885.086   3483.667  -5442.542  -1741.833  -5442.542  -1741.833  -6000.000      0.000      0.000      0.000
    0.000      0.000   3483.667   1114.914  -1741.833   -557.457  -1741.833   -557.457      0.000      0.000      0.000      0.000
-5442.542  -1741.833  -5442.542  -1741.833  16885.086   3483.667  -6000.000      0.000      0.000      0.000      0.000      0.000
-1741.833   -557.457  -1741.833   -557.457   3483.667   1114.914      0.000      0.000      0.000      0.000      0.000      0.000
    0.000      0.000  -5442.542  -1741.833  -6000.000      0.000  22885.086      0.000  -5442.542   1741.833  -6000.000      0.000
    0.000      0.000  -1741.833   -557.457      0.000      0.000      0.000   1114.914   1741.833   -557.457      0.000      0.000
    0.000      0.000  -6000.000      0.000      0.000      0.000  -5442.542   1741.833  16885.086      0.000  -5442.542  -1741.833
    0.000      0.000      0.000      0.000      0.000      0.000   1741.833   -557.457      0.000   1114.914  -1741.833   -557.457
    0.000      0.000      0.000      0.000      0.000      0.000  -6000.000      0.000  -5442.542  -1741.833  11442.543   1741.833
    0.000      0.000      0.000      0.000      0.000      0.000      0.000      0.000  -1741.833   -557.457   1741.833    557.457
