 ×Ü¸Õk=
           0.00           0.00           0.00           0.00           0.00           0.00           0.00           0.00
          0.00  1380000000.00           0.00 -1380000000.00           0.00           0.00           0.00           0.00
          0.00           0.00   246861888.00           0.00  -123430944.00   246861888.00  -123430944.00  -246861888.00
          0.00 -1380000000.00           0.00  2367447552.00   246861888.00  -493723776.00  -246861888.00  -493723776.00
          0.00           0.00  -123430944.00   246861888.00   123430944.00  -246861888.00           0.00           0.00
          0.00           0.00   246861888.00  -493723776.00  -246861888.00   493723776.00           0.00           0.00
          0.00           0.00  -123430944.00  -246861888.00           0.00           0.00   123430944.00   246861888.00
          0.00           0.00  -246861888.00  -493723776.00           0.00           0.00   246861888.00   493723776.00
 v1= -1.7373496E-06 v2= -1.0127120E-06
